587
200
32
4
39
27
237
234
1161
138
374
342
549
235
84
243
87
156
128
72
926
113
234
175
82
102
685
737
37
520
19
159
130
74
159
18
79
68
32
13
646
371
641
121
46
542
229
1057
16
14
418
103
315
622
101
639
276
27
82
32
179
103
69
108
28
35
700
122
94
166
18
482
360
170
224
208
127
1304
403
32
399
88
402
163
32
163
319
19
123
155
256
153
146
148
151
62
97
1
430
512
12
82
68
135
20
265
212
136
17
112
53
276
73
336
87
354
387
20
917
563
28
381
9
114
27
503
152
261
444
66
102
109
10
113
895
789
503
427
52
50
126
41
523
101
206
56
331
300
117
964
67
154
494
1169
23
118
36
44
67
51
88
86
106
109
210
8
104
105
34
54
445
816
1136
51
148
28
25
301
553
202
181
60
618
58
215
178
56
5
66
249
906
755
139
166
41
110
598
40
275
147
54
68
351
694
783
124
123
66
120
115
156
36
143
5
78
190
202
59
43
194
667
179
210
203
294
48
37
241
43
237
244
44
863
26
84
422
214
17
1203
1097
632
65
62
573
348
86
38
156
107
207
277
23
133
20
1061
556
544
59
324
4
10
1252
173
244
10
92
108
434
880
67
47
1191
137
7
177
208
111
550
14
108
480
148
330
378
9
64
241
478
1262
846
530
797
409
29
212
75
95
842
318
1242
